index	nt_id	1m7_react	1m7_std_error
1	G	0.211675	0.027007
2	G	0.157169	0.020222
3	A	0.154465	0.034094
4	A	0.710492	0.147536
5	A	1.120826	0.102601
6	T	0.703658	0.088601
7	G	0.685647	0.050908
8	T	0.2347	0.026092
9	G	0.271612	0.042382
10	G	0.504346	0.040809
11	A	0.527204	0.082111
12	A	0.397085	0.068104
13	A	1.126214	0.108653
14	G	0.78258	0.076842
15	G	0.46963	0.036632
16	A	0.093803	0.03003
17	A	0.513528	0.069758
18	G	0.366145	0.061404
19	G	0.279257	0.041505
20	A	0.415138	0.064743
21	C	0.139391	0.032368
22	A	0.458581	0.046084
23	C	0.063454	0.045795
24	C	0.379276	0.056478
25	A	0.291188	0.064212
26	A	1.863982	0.3647
27	A	0.346261	0.04331
28	T	1.177789	0.137975
29	G	0.787307	0.065808
30	A	0.264506	0.074817
31	A	0.115226	0.049656
32	A	0.823803	0.102854
33	G	0.765423	0.058302
34	A	0.572932	0.096795
35	T	-0.013617	0.040648
36	T	0.492773	0.061376
37	G	0.887463	0.10179
38	T	0.619692	0.073388
39	A	0.765269	0.083562
40	C	0.029961	0.018663
41	T	0.249814	0.029962
42	G	0.432621	0.0531
43	A	0.79665	0.109809
44	G	0.126762	0.032248
45	A	0.277108	0.048129
46	G	1.137952	0.160693
47	A	0.192973	0.034123
48	C	0.112598	0.027513
49	A	0.101304	0.026964
50	G	0.077213	0.039169
51	G	0.116992	0.021307
52	C	0.205034	0.047437
53	T	1.719747	0.172929
54	A	0.944981	0.198595
55	A	0.762255	0.058742
56	T	-0.022931	0.052882
57	T	0.446457	0.097277
58	T	0.819685	0.134328
59	T	0.886438	0.225112
60	T	0.930801	0.15107
61	T	0.062858	0.030314
62	A	0.321965	0.112176
63	G	0.511209	0.100384
64	G	0.109055	0.07108
65	G	0.745474	0.145849
66	A	0.308328	0.072186
67	A	1.01068	0.165205
68	G	0.173183	0.0496
69	A	0.187812	0.046025
70	T	0.863087	0.14211
71	C	0.523957	0.130653
72	T	0.008252	0.034456
73	G	0.039745	0.042385
74	G	0.029604	0.020291
75	C	-1.309726	0.192512
76	C	0.366804	0.071914
77	T	0.353789	0.083909
78	T	-0.071247	0.035859
79	C	0.132291	0.052323
80	C	0.044151	0.030023
81	C	0.187801	0.064748
82	A	0.740461	0.103865
83	C	1.519292	0.204519
84	A	0.86903	0.17313
85	A	0.131275	0.028374
86	G	-0.057698	0.022273
87	G	0.070399	0.044336
88	G	-0.106281	0.035539
89	A	-0.13546	0.041695
90	A	-0.673954	0.058317
91	G	0.051606	0.027032
92	G	0.075651	0.022928
93	C	0.297295	0.0469
94	C	0.295314	0.066849
95	A	0.221466	0.0855
96	G	0.182153	0.046637
97	G	0.507467	0.122307
98	G	0.19324	0.034374
99	A	0.111926	0.038044
100	A	0.433196	0.063417
101	T	-0.000257	0.029979
102	T	0.339124	0.086237
103	T	0.234639	0.066939
104	T	0.207597	0.049182
105	C	-0.063554	0.017584
106	T	0.070783	0.04172
107	T	0.379696	0.063273
108	C	0.377972	0.075103
109	A	0.024479	0.003472
110	G	0.575701	0.067847
111	A	0.812434	0.17887
112	G	0.25675	0.013402
113	C	0.468488	0.057077
114	A	0.020801	0.003657
115	G	0.337536	0.050955
116	A	0.635113	0.094577
117	C	0.343658	0.053289
118	C	0.120984	0.045815
119	A	0.331214	0.08425
120	G	0.264297	0.038522
121	A	0.145239	0.038851
122	G	0.308598	0.023715
123	C	0.019576	0.02859
124	C	0.13063	0.033189
125	A	0.107044	0.033926
126	A	0.160863	0.042693
127	C	-0.009504	0.020119
128	A	-0.021194	0.020082
129	G	0.050847	0.013449
130	C	0.076112	0.031913
131	C	0.385212	0.063139
132	C	0.28335	0.061837
133	C	0.428946	0.068871
134	A	1.136302	0.082879
135	C	-0.037733	0.030374
136	C	0.248898	0.045341
137	A	0.114239	0.022995
138	G	1.374385	0.109515
139	A	1.789769	0.213523
140	A	0.071491	0.036316
141	G	1.298802	0.084021
142	A	0.155877	0.040227
143	G	0.310546	0.037186
144	A	0.646464	0.082519
145	G	0.136392	0.016326
146	C	-0.050295	0.021624
147	T	0.126918	0.028117
148	T	0.531581	0.050894
149	C	0.403598	0.043458
150	A	0.488452	0.044574
151	G	0.111187	0.021601
152	G	0.341845	0.017974
153	T	0.345972	0.044792
154	T	0.503232	0.053536
155	T	0.744674	0.072812
156	G	0.11892	0.020948
157	G	0.133379	0.021776
158	G	0.191449	0.022258
159	G	0.093937	0.024912
160	A	0.243014	0.041372
161	A	0.838375	0.101335
162	G	0.499026	0.032103
163	A	0.601193	0.077849
164	G	0.154362	0.024345
165	A	0.107243	0.019534
166	C	0.157624	0.023558
167	A	1.138178	0.128679
168	A	0.024437	0.021723
169	C	-0.076107	0.028702
170	A	0.330413	0.072461
171	A	0.272909	0.031552
172	C	-0.032191	0.018995
173	T	0.090228	0.016168
174	C	0.15682	0.036381
175	C	0.121277	0.030789
176	C	0.43593	0.062497
177	T	0.055308	0.018134
178	C	0.084114	0.021616
179	T	0.176629	0.026599
180	C	0.19204	0.032032
181	A	0.175391	0.032665
