index	nt_id	1m7_react	1m7_std_error
1	G	0.313075	0.033282
2	G	0.51245	0.02894
3	A	0.348611	0.058854
4	A	0.46766	0.060735
5	A	1.2092	0.06688
6	T	0.919985	0.061765
7	G	0.417078	0.028284
8	T	0.630355	0.036065
9	G	0.003757	0.034231
10	G	0.176422	0.027632
11	G	0.05455	0.022376
12	C	0.482728	0.047927
13	A	0.257438	0.035627
14	A	1.083058	0.080566
15	G	1.943116	0.109812
16	A	0.277145	0.05869
17	A	1.727442	0.099892
18	G	0.918678	0.060388
19	G	0.827641	0.050482
20	A	0.262599	0.048788
21	C	0.337703	0.051014
22	A	0.33975	0.035573
23	C	0.049025	0.054777
24	C	0.12881	0.051532
25	A	0.667534	0.067855
26	A	0.676093	0.041809
27	C	0.379109	0.047096
28	A	1.042324	0.086798
29	G	0.737315	0.023457
30	A	0.42628	0.063488
31	A	1.527767	0.150593
32	A	1.00482	0.104948
33	A	0.499679	0.061054
34	A	0.410582	0.069267
35	C	0.079191	0.029994
36	T	0.340772	0.033374
37	G	0.065175	0.016171
38	C	0.059176	0.048284
39	C	0.001611	0.039588
40	C	0.038613	0.042405
41	C	0.037619	0.033891
42	G	0.979314	0.063235
43	A	1.205505	0.073209
44	T	0.572059	0.065847
45	A	0.475949	0.018506
46	T	1.81081	0.112837
47	G	0.243819	0.015568
48	C	0.274517	0.035027
49	A	0.315887	0.037805
50	A	0.122498	0.0373
51	C	0.133987	0.034284
52	G	0.1601	0.026499
53	G	0.019151	0.025006
54	G	0.220015	0.018954
55	C	0.426713	0.041649
56	G	0.561082	0.04283
57	A	0.900932	0.083114
58	A	1.054327	0.061185
59	T	0.404965	0.043765
60	T	0.376151	0.050311
61	T	0.445623	0.061835
62	T	0.033669	0.05317
63	T	1.019878	0.090321
64	T	0.957902	0.064682
65	A	1.078696	0.060615
66	G	0.083121	0.017669
67	G	-0.091672	0.021276
68	G	0.024038	0.009305
69	A	0.031188	0.04393
70	A	0.845885	0.063615
71	A	0.087808	0.047586
72	A	0.784927	0.050845
73	T	0.950506	0.057527
74	C	-0.011419	0.020344
75	T	0.00617	0.028286
76	G	0.021165	0.035682
77	G	0.048087	0.017253
78	C	-0.033289	0.03731
79	C	-0.074356	0.019022
80	T	0.061796	0.015456
81	C	0.047147	0.029939
82	C	0.02999	0.035912
83	C	-0.03171	0.034742
84	C	0.087242	0.034604
85	G	0.417388	0.022484
86	C	0.635611	0.040221
87	A	0.282126	0.037275
88	A	0.387308	0.037974
89	A	0.265072	0.033489
90	G	-0.006954	0.021247
91	G	0.016216	0.02258
92	G	0.00128	0.012329
93	A	0.178391	0.025721
94	G	0.001981	0.021295
95	G	-0.142374	0.012015
96	C	-0.046197	0.025357
97	C	-0.024705	0.034071
98	A	-0.058518	0.05358
99	G	0.142547	0.039654
100	G	-0.000085	0.045881
101	G	0.079782	0.024397
102	A	-0.038556	0.051311
103	A	0.292199	0.049284
104	T	0.085677	0.038961
105	T	0.236871	0.046967
106	T	0.136316	0.026329
107	C	0.063295	0.041744
108	C	0.174135	0.02746
109	T	0.239681	0.023261
110	C	0.106954	0.037602
111	C	0.07841	0.041722
112	A	0.698895	0.054452
113	G	1.36682	0.061722
114	A	0.905951	0.061781
115	A	0.294501	0.038708
116	G	1.027701	0.042694
117	A	0.133212	0.033212
118	G	0.240523	0.027836
119	A	0.085279	0.026879
120	C	0.015763	0.032979
121	C	0.312043	0.03413
122	A	0.538294	0.040285
123	G	0.999787	0.05466
124	A	0.349985	0.041675
125	A	0.296919	0.026832
126	C	0.054829	0.032709
127	C	0.407295	0.038274
128	A	-0.017388	0.024937
129	C	0.012041	0.027551
130	C	0.053202	0.037364
131	A	0.400521	0.041841
132	G	0.564509	0.045129
133	A	0.218123	0.050318
134	A	0.20472	0.032044
135	C	0.099717	0.044355
136	C	0.291116	0.0443
137	A	0.334051	0.035048
138	A	0.479465	0.033598
139	G	0.418753	0.021335
140	T	0.176309	0.021248
141	G	0.153288	0.014386
142	C	0.059398	0.028356
143	C	0.057255	0.035067
144	C	0.042655	0.043073
145	C	0.069534	0.05312
146	A	0.235764	0.025593
147	C	-0.026839	0.045499
148	C	0.044563	0.046929
149	A	0.560005	0.048966
150	A	0.344596	0.034356
151	T	1.093143	0.051715
152	A	0.587595	0.052963
153	G	1.153916	0.044816
154	A	0.022835	0.041494
155	G	0.355625	0.050408
156	A	-0.061306	0.043955
157	G	-0.017875	0.01674
158	T	0.019447	0.031868
159	T	0.035169	0.041574
160	T	0.412218	0.050658
161	T	0.758158	0.053143
162	G	-0.009235	0.023602
163	G	0.206249	0.033035
164	G	-0.103097	0.010735
165	T	-0.082089	0.03175
166	T	0.152748	0.039358
167	T	0.232112	0.031815
168	C	0.17151	0.035809
169	A	0.261486	0.032196
170	G	0.084426	0.040267
171	G	0.032078	0.036304
172	A	0.286538	0.031912
173	T	0.179707	0.028654
174	C	0.208427	0.043432
175	A	0.440445	0.032406
176	G	1.189256	0.042052
177	A	0.658562	0.086569
178	A	1.894261	0.126806
179	A	0.753297	0.08602
180	A	1.424365	0.089878
181	T	1.356901	0.082162
182	A	0.723286	0.071686
183	G	0.466352	0.034447
184	A	0.53708	0.042269
185	T	0.577015	0.036817
186	T	0.046927	0.038102
187	C	0.805598	0.047537
188	T	0.007649	0.020737
189	C	0.044945	0.02894
190	T	0.146817	0.031529
191	G	0.210888	0.018658
192	A	0.08853	0.048066
193	A	0.179517	0.049104
194	A	0.121452	0.038811
195	C	0.354439	0.050128
196	A	0.673793	0.053823
197	G	0.639909	0.048919
