Index	nt_id	1m7_react	1m7_std_err
1	G	-0.029747	0.04068
2	G	0.409784	0.027346
3	A	0.237719	0.035222
4	A	0.796582	0.072068
5	A	0.987522	0.064756
6	T	0.513707	0.044226
7	G	0.487852	0.030009
8	T	0.617571	0.040305
9	G	0.278855	0.066127
10	G	0.233322	0.015718
11	A	0.328952	0.062394
12	A	0.258018	0.043948
13	A	0.237349	0.062339
14	A	-0.070575	0.075678
15	A	1.153789	0.112308
16	T	0.395913	0.031912
17	G	0.194459	0.044945
18	G	0.095609	0.04226
19	A	0.145249	0.049989
20	C	-0.11891	0.05736
21	C	0.095903	0.066635
22	A	0.430306	0.061344
23	T	0.589736	0.073903
24	G	0.926111	0.066237
25	T	0.2658	0.075586
26	T	1.343212	0.109022
27	A	1.548183	0.102913
28	T	1.007134	0.090399
29	G	0.229142	0.038447
30	G	0.080722	0.020236
31	C	0.087553	0.05948
32	C	-0.153459	0.032329
33	A	0.616944	0.093083
34	A	0.737133	0.084723
35	A	0.956154	0.130807
36	T	0.874981	0.10223
37	G	0.308791	0.027678
38	C	-0.156734	0.038453
39	C	0.178353	0.058081
40	C	-0.004235	0.062513
41	A	0.258039	0.052344
42	G	1.541005	0.139045
43	A	0.642176	0.054744
44	C	-999	0
45	A	0.280379	0.038746
46	G	0.290462	0.025984
47	A	0.090418	0.022804
48	C	-0.007556	0.026405
49	A	0.025444	0.02307
50	G	0.053764	0.024661
51	G	0.018795	0.018723
52	C	0.183605	0.02358
53	G	0.054065	0.05632
54	G	-0.007082	0.034589
55	G	0.058582	0.014773
56	T	-999	0
57	T	-0.105402	0.048517
58	T	0.03527	0.071189
59	T	0.603586	0.320208
60	T	0.790757	0.214567
61	T	0.455949	0.079856
62	A	-0.053263	0.016382
63	G	-999	0
64	G	-0.028465	0.016364
65	C	-0.1182	0.023376
66	C	0.050307	0.017917
67	T	-0.240011	0.022065
68	T	-0.031855	0.035008
69	G	-0.207225	0.016519
70	G	-0.193939	0.041362
71	T	-0.123375	0.018167
72	C	-0.1248	0.025185
73	C	-0.015012	0.048471
74	A	-0.204887	0.020067
75	T	-0.156672	0.027286
76	G	-0.204517	0.030912
77	G	-0.01177	0.032729
78	G	-0.07816	0.052694
79	G	0.176134	0.026467
80	A	-0.337103	0.020316
81	A	-0.04892	0.046199
82	A	0.494806	0.048431
83	G	0.132144	0.02192
84	A	0.249357	0.050671
85	A	0.43532	0.056107
86	G	0.037045	0.017634
87	C	-0.218077	0.027706
88	C	-0.133867	0.052643
89	C	0.022278	0.035165
90	C	0.127172	0.052742
91	G	-0.114836	0.020202
92	C	0.132528	0.04715
93	A	-0.220176	0.029571
94	A	0.373993	0.028207
95	T	-0.176083	0.032177
96	T	-0.06815	0.039451
97	T	-0.075471	0.024292
98	C	-0.284579	0.022321
99	C	-0.045678	0.01398
100	C	-0.058787	0.030373
101	C	-0.001566	0.029314
102	A	-0.221466	0.025303
103	T	-0.028228	0.030738
104	G	-0.171807	0.036192
105	G	0.019693	0.022323
106	C	-0.174221	0.049201
107	T	-0.087571	0.031542
108	C	0.085034	0.049373
109	A	-0.09295	0.033741
110	A	0.396895	0.066456
111	G	-0.032026	0.023115
112	T	-0.078884	0.036816
113	G	0.028111	0.020231
114	C	0.010812	0.041179
115	A	0.914339	0.052736
116	T	0.852445	0.065225
117	C	0.726179	0.055158
118	A	0.40672	0.027098
119	G	-0.003757	0.026311
120	G	0.021376	0.026031
121	G	0.076894	0.023304
122	G	0.097001	0.021484
123	C	-0.101773	0.025483
124	T	0.076076	0.029114
125	G	0.161645	0.035625
126	A	0.207516	0.032833
127	T	0.37128	0.039262
128	G	-0.025008	0.025823
129	C	-0.083655	0.030033
130	C	0.170067	0.049898
131	A	0.146514	0.032676
132	A	1.005035	0.074245
133	C	0.021996	0.035632
134	T	0.131886	0.031441
135	G	0.020027	0.01645
136	C	-0.040129	0.009924
137	T	0.065776	0.018734
138	C	0.066732	0.024124
139	C	-0.040239	0.028978
140	C	-0.100854	0.040589
141	C	0.051239	0.040808
142	C	0.073232	0.049687
143	A	0.098723	0.026045
144	G	0.649613	0.038392
145	A	0.73986	0.040273
146	G	0.11943	0.047647
147	G	0.255943	0.043877
148	A	0.5018	0.037093
149	C	-0.103736	0.037152
150	C	-0.001422	0.013255
151	C	0.137587	0.023197
152	A	-0.037797	0.031876
153	G	0.113865	0.019129
154	C	0.268486	0.052022
155	T	0.286835	0.03176
156	G	0.266063	0.028823
157	T	0.317389	0.030538
158	G	0.122111	0.029489
159	G	0.287008	0.052017
160	A	0.43777	0.033464
161	T	0.173265	0.032743
162	C	0.002917	0.042057
163	T	0.221374	0.039567
164	G	0.075156	0.01614
165	C	0.090564	0.032838
166	T	1.439875	0.08974
167	A	0.420368	0.054791
168	A	0.691477	0.074753
169	A	0.870207	0.071811
170	G	0.786705	0.049314
171	A	0.764668	0.13139
172	A	0.380351	0.033548
173	C	-0.046447	0.018396
174	T	1.09363	0.066007
175	A	0.400427	0.048114
176	C	0.104488	0.063968
177	A	0.811931	0.062369
178	T	1.201926	0.081861
179	G	0.158558	0.015248
180	C	-0.051412	0.043589
181	A	0.19046	0.03653
182	G	0.250081	0.0226
183	T	0.120479	0.02582
184	T	0.24239	0.027222
185	G	0.13107	0.028722
186	G	0.128108	0.032902
187	G	0.005082	0.014118
188	C	0.094645	0.038154
189	A	0.542213	0.075636
190	A	0.39414	0.040617
